    Raio_b        Beta
   1.21679652 19519971.66259711
   1.21679652 19556288.85297607
   1.21697201 19543552.03504520
   1.21714754 19530832.17327450
   1.21732311 19518129.25274058
   1.21749873 19505443.25853067
   1.21767438 19492774.17574193
   1.21785008 19480121.98948164
   1.21802583 19467486.68486743
   1.21820162 19454868.24702681
   1.21837745 19442266.66109774
   1.21855332 19429681.91222791
   1.21872924 19417113.98557560
   1.21890520 19404562.86630884
   1.21908121 19392028.53960603
   1.21925725 19379510.99065555
   1.21943335 19367010.20465586
   1.21960948 19354526.16681567
   1.21978566 19342058.86235354
   1.21996188 19329608.27649832
   1.22013814 19317174.39448904
   1.22031445 19304757.20157444
   1.22049080 19292356.68301360
   1.22066720 19279972.82407570
   1.22084364 19267605.61003991
   1.22102012 19255255.02619533
   1.22119664 19242921.05784127
   1.22137321 19230603.69028707
   1.22154982 19218302.90885211
   1.22172648 19206018.69886555
   1.22190318 19193751.04566700
   1.22207992 19181499.93460590
   1.22225671 19169265.35104162
   1.22243354 19157047.28034364
   1.22261041 19144845.70789135
   1.22278733 19132660.61907436
   1.22296429 19120491.99929194
   1.22314130 19108339.83395363
   1.22331834 19096204.10847886
   1.22349544 19084084.80829702
   1.22367257 19071981.91884744
   1.22384975 19059895.42557952
   1.22402697 19047825.31395258
   1.22420424 19035771.56943579
   1.22438155 19023734.17750838
   1.22455890 19011713.12365947
   1.22473630 18999708.39338830
   1.22491374 18987719.97220370
   1.22509123 18975747.84562465
   1.22526876 18963791.99918011
   1.22544633 18951852.41840878
   1.22562395 18939929.08885943
   1.22580161 18928021.99609059
   1.22597932 18916131.12567072
   1.22615706 18904256.46317841
   1.22633486 18892397.99420172
   1.22651269 18880555.70433892
   1.22669057 18868729.57919800
   1.22686850 18856919.60439689
   1.22704647 18845125.76556344
   1.22722448 18833348.04833518
   1.22740253 18821586.43835967
   1.22758063 18809840.92129425
   1.22775878 18798111.48280612
   1.22793697 18786398.10857225
   1.22811520 18774700.78427963
   1.22829347 18763019.49562474
   1.22847180 18751354.22831430
   1.22865016 18739704.96806445
   1.22882857 18728071.70060153
   1.22900702 18716454.41166136
   1.22918552 18704853.08698967
   1.22936406 18693267.71234209
   1.22954264 18681698.27348384
   1.22972127 18670144.75619018
   1.22989995 18658607.14624583
   1.23007866 18647085.42944559
   1.23025743 18635579.59159380
   1.23043623 18624089.61850476
   1.23061508 18612615.49600228
   1.23079398 18601157.20992016
   1.23097292 18589714.74610185
   1.23115190 18578288.09040051
   1.23133093 18566877.22867900
   1.23151000 18555482.14681013
   1.23168911 18544102.83067591
   1.23186827 18532739.26616900
   1.23204748 18521391.43919078
   1.23222673 18510059.33565286
   1.23240602 18498742.94147657
   1.23258536 18487442.24259265
   1.23276474 18476157.22494176
   1.23294417 18464887.87447422
   1.23312364 18453634.17715002
   1.23330315 18442396.11893867
   1.23348271 18431173.68581971
   1.23366232 18419966.86378188
   1.23384197 18408775.63882391
   1.23402166 18397599.99695419
   1.23420140 18386439.92419039
   1.23438118 18375295.40656029
   1.23456101 18364166.43010115
   1.23474088 18353052.98085962
   1.23492080 18341955.04489231
   1.23510076 18330872.60826524
   1.23528076 18319805.65705412
   1.23546081 18308754.17734437
   1.23564091 18297718.15523074
   1.23582105 18286697.57681792
   1.23600123 18275692.42821983
   1.23618146 18264702.69556033
   1.23636174 18253728.36497265
   1.23654205 18242769.42259961
   1.23672242 18231825.85459368
   1.23690282 18220897.64711681
   1.23708328 18209984.78634061
   1.23726377 18199087.25844626
   1.23744432 18188205.04962415
   1.23762490 18177338.14607478
   1.23780553 18166486.53400779
   1.23798621 18155650.19964252
   1.23816693 18144829.12920767
   1.23834770 18134023.30894168
   1.23852851 18123232.72509226
   1.23870937 18112457.36391695
   1.23889027 18101697.21168257
   1.23907121 18090952.25466538
   1.23925220 18080222.47915136
   1.23943324 18069507.87143591
   1.23961432 18058808.41782368
   1.23979545 18048124.10462927
   1.23997662 18037454.91817635
   1.24015783 18026800.84479807
   1.24033909 18016161.87083746
   1.24052040 18005537.98264644
   1.24070175 17994929.16658684
   1.24088314 17984335.40902957
   1.24106459 17973756.69635535
   1.24124607 17963193.01495409
   1.24142760 17952644.35122529
   1.24160918 17942110.69157773
   1.24179080 17931592.02242956
   1.24197247 17921088.33020864
   1.24215418 17910599.60135194
   1.24233594 17900125.82230607
   1.24251774 17889666.97952678
   1.24269959 17879223.05947952
   1.24288148 17868794.04863881
   1.24306342 17858379.93348885
   1.24324540 17847980.70052303
   1.24342743 17837596.33624414
   1.24360950 17827226.82716445
   1.24379162 17816872.15980545
   1.24397378 17806532.32069811
   1.24415599 17796207.29638254
   1.24433825 17785897.07340854
   1.24452055 17775601.63833505
   1.24470289 17765320.97773023
   1.24488529 17755055.07817184
   1.24506772 17744803.92624669
   1.24525020 17734567.50855115
   1.24543273 17724345.81169083
   1.24561530 17714138.82228054
   1.24579792 17703946.52694447
   1.24598059 17693768.91231633
   1.24616330 17683605.96503865
   1.24634605 17673457.67176364
   1.24652885 17663324.01915269
   1.24671170 17653204.99387642
   1.24689459 17643100.58261477
   1.24707753 17633010.77205702
   1.24726051 17622935.54890137
   1.24744354 17612874.89985589
   1.24762661 17602828.81163709
   1.24780973 17592797.27097160
   1.24799289 17582780.26459470
   1.24817611 17572777.77925117
   1.24835936 17562789.80169483
   1.24854266 17552816.31868895
   1.24872601 17542857.31700582
   1.24890941 17532912.78342701
   1.24909284 17522982.70474332
   1.24927633 17513067.06775490
   1.24945986 17503165.85927082
   1.24964344 17493279.06610956
   1.24982706 17483406.67509865
   1.25001073 17473548.67307489
   1.25019444 17463705.04688423
   1.25037820 17453875.78338182
   1.25056201 17444060.86943196
   1.25074586 17434260.29190823
   1.25092976 17424474.03769304
   1.25111370 17414702.09367824
   1.25129769 17404944.44676488
   1.25148173 17395201.08386286
   1.25166581 17385471.99189152
   1.25184993 17375757.15777912
   1.25203411 17366056.56846317
   1.25221833 17356370.21089021
   1.25240259 17346698.07201606
   1.25258690 17337040.13880546
   1.25277126 17327396.39823230
   1.25295566 17317766.83727973
   1.25314011 17308151.44293975
   1.25332461 17298550.20221363
   1.25350915 17288963.10211164
   1.25369374 17279390.12965328
   1.25387837 17269831.27186691
   1.25406305 17260286.51579007
   1.25424778 17250755.84846944
   1.25443255 17241239.25696045
   1.25461737 17231736.72832803
   1.25480223 17222248.24964593
   1.25498714 17212773.80799685
   1.25517210 17203313.39047276
   1.25535710 17193866.98417447
   1.25554215 17184434.57621191
   1.25572725 17175016.15370391
   1.25591239 17165611.70377864
   1.25609758 17156221.21357298
   1.25628281 17146844.67023277
   1.25646810 17137482.06091318
   1.25665342 17128133.37277806
   1.25683880 17118798.59300051
   1.25702422 17109477.70876242
   1.25720968 17100170.70725465
   1.25739520 17090877.57567738
   1.25758076 17081598.30123924
   1.25776636 17072332.87115811
   1.25795202 17063081.27266107
   1.25813771 17053843.49298362
   1.25832346 17044619.51937076
   1.25850925 17035409.33907593
   1.25869509 17026212.93936185
   1.25888098 17017030.30750019
   1.25906691 17007861.43077134
   1.25925289 16998706.29646474
   1.25943891 16989564.89187874
   1.25962498 16980437.20432065
   1.25981110 16971323.22110661
   1.25999726 16962222.92956163
   1.26018348 16953136.31701983
   1.26036973 16944063.37082400
   1.26055604 16935004.07832594
   1.26074239 16925958.42688634
   1.26092879 16916926.40387469
   1.26111523 16907907.99666949
   1.26130172 16898903.19265787
   1.26148826 16889911.97923607
   1.26167485 16880934.34380915
   1.26186148 16871970.27379095
   1.26204816 16863019.75660421
   1.26223488 16854082.77968052
   1.26242166 16845159.33046005
   1.26260847 16836249.39639248
   1.26279534 16827352.96493559
   1.26298225 16818470.02355623
   1.26316921 16809600.55973028
   1.26335622 16800744.56094226
   1.26354327 16791902.01468542
   1.26373037 16783072.90846213
   1.26391752 16774257.22978293
   1.26410472 16765454.96616799
   1.26429196 16756666.10514563
   1.26447925 16747890.63425324
   1.26466658 16739128.54103700
   1.26485396 16730379.81305158
   1.26504139 16721644.43786085
   1.26522887 16712922.40303708
   1.26541639 16704213.69616150
   1.26560397 16695518.30482407
   1.26579158 16686836.21662346
   1.26597925 16678167.41916703
   1.26616696 16669511.90007094
   1.26635472 16660869.64696017
   1.26654253 16652240.64746842
   1.26673038 16643624.88923788
   1.26691828 16635022.35991961
   1.26710623 16626433.04717371
   1.26729422 16617856.93866824
   1.26748227 16609294.02208066
   1.26767036 16600744.28509687
   1.26785849 16592207.71541151
   1.26804668 16583684.30072771
   1.26823491 16575174.02875760
   1.26842319 16566676.88722178
   1.26861152 16558192.86384954
   1.26879989 16549721.94637900
   1.26898831 16541264.12255669
   1.26917678 16532819.38013801
   1.26936530 16524387.70688688
   1.26955386 16515969.09057609
   1.26974247 16507563.51898675
   1.26993113 16499170.97990887
   1.27011984 16490791.46114093
   1.27030859 16482424.95049024
   1.27049739 16474071.43577248
   1.27068624 16465730.90481225
   1.27087513 16457403.34544231
   1.27106408 16449088.74550451
   1.27125307 16440787.09284919
   1.27144211 16432498.37533507
   1.27163119 16424222.58082964
   1.27182033 16415959.69720895
   1.27200951 16407709.71235773
   1.27219874 16399472.61416901
   1.27238802 16391248.39054475
   1.27257734 16383037.02939520
   1.27276671 16374838.51863934
   1.27295613 16366652.84620471
   1.27314560 16358480.00002728
   1.27333512 16350319.96805166
   1.27352468 16342172.73823103
   1.27371429 16334038.29852705
   1.27390395 16325916.63690999
   1.27409365 16317807.74135853
   1.27428341 16309711.59985991
   1.27447321 16301628.20041001
   1.27466306 16293557.53101323
   1.27485296 16285499.57968231
   1.27504291 16277454.33443859
   1.27523290 16269421.78331189
   1.27542294 16261401.91434055
   1.27561303 16253394.71557146
   1.27580317 16245400.17505988
   1.27599335 16237418.28086963
   1.27618359 16229449.02107304
   1.27637387 16221492.38375073
   1.27656420 16213548.35699210
   1.27675457 16205616.92889465
   1.27694500 16197698.08756469
   1.27713547 16189791.82111664
   1.27732600 16181898.11767363
   1.27751657 16174016.96536716
   1.27770718 16166148.35233724
   1.27789785 16158292.26673192
   1.27808856 16150448.69670830
   1.27827933 16142617.63043140
   1.27847014 16134799.05607503
   1.27866099 16126992.96182114
   1.27885190 16119199.33586008
   1.27904286 16111418.16639086
   1.27923386 16103649.44162068
   1.27942491 16095893.14976520
   1.27961601 16088149.27904844
   1.27980716 16080417.81770288
   1.27999836 16072698.75396927
   1.28018960 16064992.07609678
   1.28038089 16057297.77234299
   1.28057224 16049615.83097384
   1.28076362 16041946.24026363
   1.28095506 16034288.98849495
   1.28114655 16026644.06395884
   1.28133808 16019011.45495447
   1.28152967 16011391.14978975
   1.28172130 16003783.13678049
   1.28191298 15996187.40425124
   1.28210471 15988603.94053451
   1.28229649 15981032.73397130
   1.28248831 15973473.77291106
   1.28268019 15965927.04571129
   1.28287211 15958392.54073784
   1.28306408 15950870.24636517
   1.28325610 15943360.15097569
   1.28344817 15935862.24296021
   1.28364029 15928376.51071786
   1.28383245 15920902.94265608
   1.28402467 15913441.52719048
   1.28421693 15905992.25274511
   1.28440924 15898555.10775206
   1.28460160 15891130.08065193
   1.28479401 15883717.15989352
   1.28498647 15876316.33393355
   1.28517898 15868927.59123754
   1.28537153 15861550.92027885
   1.28556414 15854186.30953937
   1.28575679 15846833.74750889
   1.28594949 15839493.22268572
   1.28614224 15832164.72357631
   1.28633504 15824848.23869523
   1.28652789 15817543.75656542
   1.28672079 15810251.26571794
   1.28691373 15802970.75469201
   1.28710673 15795702.21203523
   1.28729977 15788445.62630322
   1.28749286 15781200.98605992
   1.28768601 15773968.27987727
   1.28787920 15766747.49633576
   1.28807244 15759538.62402354
   1.28826572 15752341.65153744
   1.28845906 15745156.56748203
   1.28865245 15737983.36047047
   1.28884588 15730822.01912369
   1.28903937 15723672.53207110
   1.28923290 15716534.88794996
   1.28942649 15709409.07540588
   1.28962012 15702295.08309253
   1.28981380 15695192.89967177
   1.29000753 15688102.51381353
   1.29020131 15681023.91419593
   1.29039514 15673957.08950508
   1.29058902 15666902.02843549
   1.29078294 15659858.71968936
   1.29097692 15652827.15197740
   1.29117095 15645807.31401820
   1.29136502 15638799.19453855
   1.29155914 15631802.78227321
   1.29175332 15624818.06596519
   1.29194754 15617845.03436551
   1.29214181 15610883.67623300
   1.29233613 15603933.98033520
   1.29253051 15596995.93544710
   1.29272493 15590069.53035216
   1.29291939 15583154.75384159
   1.29311391 15576251.59471493
   1.29330848 15569360.04177953
   1.29350310 15562480.08385100
   1.29369777 15555611.70975279
   1.29389248 15548754.90831669
   1.29408725 15541909.66838211
   1.29428207 15535075.97879682
   1.29447693 15528253.82841632
   1.29467185 15521443.20610479
   1.29486681 15514644.10073332
   1.29506182 15507856.50118198
   1.29525689 15501080.39633842
   1.29545200 15494315.77509835
   1.29564716 15487562.62636553
   1.29584238 15480820.93905151
   1.29603764 15474090.70207620
   1.29623295 15467371.90436718
   1.29642831 15460664.53486008
   1.29662372 15453968.58249845
   1.29681918 15447284.03623406
   1.29701470 15440610.88502633
   1.29721026 15433949.11784276
   1.29740587 15427298.72365892
   1.29760153 15420659.69145808
   1.29779724 15414032.01023169
   1.29799300 15407415.66897900
   1.29818880 15400810.65670731
   1.29838466 15394216.96243153
   1.29858057 15387634.57517503
   1.29877653 15381063.48396871
   1.29897254 15374503.67785147
   1.29916860 15367955.14587016
   1.29936471 15361417.87707950
   1.29956087 15354891.86054219
   1.29975708 15348377.08532866
   1.29995334 15341873.54051737
   1.30014964 15335381.21519464
   1.30034600 15328900.09845472
   1.30054241 15322430.17939968
   1.30073887 15315971.44713941
   1.30093538 15309523.89079178
   1.30113194 15303087.49948240
   1.30132855 15296662.26234492
   1.30152521 15290248.16852074
   1.30172192 15283845.20715902
   1.30191868 15277453.36741706
   1.30211549 15271072.63845949
   1.30231235 15264703.00945934
   1.30250926 15258344.46959719
   1.30270622 15251997.00806136
   1.30290323 15245660.61404827
   1.30310029 15239335.27676191
   1.30329740 15233020.98541425
   1.30349456 15226717.72922486
   1.30369177 15220425.49742144
   1.30388904 15214144.27923922
   1.30408635 15207874.06392128
   1.30428371 15201614.84071857
   1.30448113 15195366.59888970
   1.30467859 15189129.32770128
   1.30487610 15182903.01642749
   1.30507367 15176687.65435033
   1.30527128 15170483.23075959
   1.30546895 15164289.73495298
   1.30566666 15158107.15623556
   1.30586443 15151935.48392053
   1.30606225 15145774.70732880
   1.30626011 15139624.81578885
   1.30645803 15133485.79863701
   1.30665600 15127357.64521725
   1.30685402 15121240.34488144
   1.30705209 15115133.88698915
   1.30725021 15109038.26090744
   1.30744838 15102953.45601142
   1.30764660 15096879.46168364
   1.30784488 15090816.26731449
   1.30804320 15084763.86230208
   1.30824157 15078722.23605220
   1.30844000 15072691.37797834
   1.30863847 15066671.27750154
   1.30883700 15060661.92405084
   1.30903558 15054663.30706267
   1.30923420 15048675.41598136
   1.30943288 15042698.24025847
   1.30963161 15036731.76935394
   1.30983039 15030775.99273482
   1.31002922 15024830.89987599
   1.31022810 15018896.48026004
   1.31042704 15012972.72337700
   1.31062602 15007059.61872496
   1.31082505 15001157.15580926
   1.31102414 14995265.32414294
   1.31122328 14989384.11324688
   1.31142246 14983513.51264935
   1.31162170 14977653.51188642
   1.31182099 14971804.10050171
   1.31202033 14965965.26804634
   1.31221972 14960137.00407936
   1.31241917 14954319.29816701
   1.31261866 14948512.13988340
   1.31281820 14942715.51881040
   1.31301780 14936929.42453678
   1.31321745 14931153.84665975
   1.31341714 14925388.77478363
   1.31361689 14919634.19852036
   1.31381669 14913890.10748959
   1.31401655 14908156.49131835
   1.31421645 14902433.33964143
   1.31441640 14896720.64210106
   1.31461641 14891018.38834700
   1.31481647 14885326.56803673
   1.31501657 14879645.17083508
   1.31521673 14873974.18641454
   1.31541694 14868313.60445515
   1.31561720 14862663.41464436
   1.31581752 14857023.60667726
   1.31601788 14851394.17025654
   1.31621830 14845775.09509216
   1.31641877 14840166.37090185
   1.31661929 14834567.98741082
   1.31681986 14828979.93435143
   1.31702048 14823402.20146415
   1.31722115 14817834.77849642
   1.31742188 14812277.65520348
   1.31762265 14806730.82134799
   1.31782348 14801194.26670004
   1.31802436 14795667.98103719
   1.31822529 14790151.95414455
   1.31842627 14784646.17581467
   1.31862731 14779150.63584754
   1.31882839 14773665.32405073
   1.31902953 14768190.23023902
   1.31923072 14762725.34423492
   1.31943196 14757270.65586830
   1.31963325 14751826.15497638
   1.31983460 14746391.83140394
   1.32003599 14740967.67500306
   1.32023744 14735553.67563361
   1.32043894 14730149.82316215
   1.32064049 14724756.10746353
   1.32084209 14719372.51841949
   1.32104375 14713999.04591924
   1.32124545 14708635.67985965
   1.32144721 14703282.41014470
   1.32164902 14697939.22668597
   1.32185089 14692606.11940227
   1.32205280 14687283.07821988
   1.32225477 14681970.09307267
   1.32245678 14676667.15390158
   1.32265885 14671374.25065504
   1.32286097 14666091.37328888
   1.32306315 14660818.51176643
   1.32326537 14655555.65605801
   1.32346765 14650302.79614170
   1.32366998 14645059.92200280
   1.32387236 14639827.02363385
   1.32407480 14634604.09103501
   1.32427728 14629391.11421328
   1.32447982 14624188.08318365
   1.32468241 14618994.98796803
   1.32488506 14613811.81859576
   1.32508775 14608638.56510342
   1.32529050 14603475.21753519
   1.32549330 14598321.76594212
   1.32569615 14593178.20038299
   1.32589905 14588044.51092378
   1.32610201 14582920.68763760
   1.32630502 14577806.72060504
   1.32650808 14572702.59991403
   1.32671119 14567608.31565949
   1.32691435 14562523.85794398
   1.32711757 14557449.21687721
   1.32732084 14552384.38257611
   1.32752416 14547329.34516490
   1.32772754 14542284.09477530
   1.32793096 14537248.62154578
   1.32813444 14532222.91562259
   1.32833797 14527206.96715923
   1.32854156 14522200.76631590
   1.32874520 14517204.30326064
   1.32894888 14512217.56816840
   1.32915263 14507240.55122155
   1.32935642 14502273.24260967
   1.32956027 14497315.63252942
   1.32976417 14492367.71118487
   1.32996812 14487429.46878723
   1.33017212 14482500.89555487
   1.33037618 14477581.98171367
   1.33058029 14472672.71749622
   1.33078445 14467773.09314270
   1.33098867 14462883.09890037
   1.33119294 14458002.72502382
   1.33139726 14453131.96177453
   1.33160163 14448270.79942146
   1.33180606 14443419.22824076
   1.33201054 14438577.23851534
   1.33221507 14433744.82053594
   1.33241965 14428921.96459990
   1.33262429 14424108.66101199
   1.33282898 14419304.90008422
   1.33303372 14414510.67213557
   1.33323852 14409725.96749221
   1.33344337 14404950.77648757
   1.33364827 14400185.08946217
   1.33385322 14395428.89676356
   1.33405823 14390682.18874665
   1.33426329 14385944.95577336
   1.33446841 14381217.18821276
   1.33467357 14376498.87644075
   1.33487879 14371790.01084097
   1.33508406 14367090.58180368
   1.33528939 14362400.57972649
   1.33549477 14357719.99501388
   1.33570020 14353048.81807779
   1.33590569 14348387.03933694
   1.33611122 14343734.64921724
   1.33631682 14339091.63815178
   1.33652246 14334457.99658065
   1.33672816 14329833.71495101
   1.33693391 14325218.78371717
   1.33713971 14320613.19334051
   1.33734557 14316016.93428934
   1.33755148 14311429.99703926
   1.33775744 14306852.37207274
   1.33796346 14302284.04987934
   1.33816953 14297725.02095592
   1.33837566 14293175.27580580
   1.33858183 14288634.80494004
   1.33878806 14284103.59887637
   1.33899435 14279581.64813956
   1.33920069 14275068.94326147
   1.33940708 14270565.47478099
   1.33961352 14266071.23324409
   1.33982002 14261586.20920359
   1.34002657 14257110.39321946
   1.34023317 14252643.77585866
   1.34043983 14248186.34769514
   1.34064654 14243738.09930984
   1.34085331 14239299.02129073
   1.34106013 14234869.10423276
   1.34126700 14230448.33873796
   1.34147393 14226036.71541508
   1.34168091 14221634.22488009
   1.34188794 14217240.85775597
   1.34209503 14212856.60467256
   1.34230217 14208481.45626643
   1.34250936 14204115.40318164
   1.34271661 14199758.43606895
   1.34292391 14195410.54558588
   1.34313127 14191071.72239729
   1.34333868 14186741.95717460
   1.34354614 14182421.24059645
   1.34375366 14178109.56334841
   1.34396123 14173806.91612272
   1.34416885 14169513.28961889
   1.34437653 14165228.67454313
   1.34458426 14160953.06160867
   1.34479205 14156686.44153563
   1.34499989 14152428.80505110
   1.34520778 14148180.14288886
   1.34541573 14143940.44578995
   1.34562373 14139709.70450204
   1.34583179 14135487.90977993
   1.34603990 14131275.05238481
   1.34624806 14127071.12308534
   1.34645628 14122876.11265709
   1.34666455 14118690.01188191
   1.34687288 14114512.81154901
   1.34708126 14110344.50245434
   1.34728969 14106185.07540071
   1.34749818 14102034.52119784
   1.34770672 14097892.83066228
   1.34791532 14093759.99461740
   1.34812397 14089636.00389343
   1.34833268 14085520.84932756
   1.34854144 14081414.52176376
   1.34875025 14077317.01205271
   1.34895912 14073228.31105206
   1.34916804 14069148.40962630
   1.34937702 14065077.29864681
   1.34958605 14061014.96899149
   1.34979514 14056961.41154544
   1.35000427 14052916.61720038
   1.35021347 14048880.57685479
   1.35042272 14044853.28141414
   1.35063202 14040834.72179047
   1.35084138 14036824.88890276
   1.35105079 14032823.77367701
   1.35126026 14028831.36704550
   1.35146978 14024847.65994771
   1.35167935 14020872.64332951
   1.35188898 14016906.30814408
   1.35209867 14012948.64535098
   1.35230841 14008999.64591668
   1.35251820 14005059.30081434
   1.35272805 14001127.60102403
   1.35293795 13997204.53753237
   1.35314791 13993290.10133292
   1.35335792 13989384.28342581
   1.35356799 13985487.07481813
   1.35377811 13981598.46652353
   1.35398828 13977718.44956251
   1.35419852 13973847.01496220
   1.35440880 13969984.15375662
   1.35461914 13966129.85698628
   1.35482954 13962284.11569868
   1.35503999 13958446.92094779
   1.35525049 13954618.26379447
   1.35546105 13950798.13530613
   1.35567167 13946986.52655727
   1.35588234 13943183.42862844
   1.35609306 13939388.83260740
   1.35630384 13935602.72958849
   1.35651467 13931825.11067268
   1.35672556 13928055.96696755
   1.35693651 13924295.28958758
   1.35714751 13920543.06965373
   1.35735856 13916799.29829376
   1.35756967 13913063.96664200
   1.35778084 13909337.06583944
   1.35799206 13905618.58703390
   1.35820333 13901908.52137960
   1.35841466 13898206.86003774
   1.35862604 13894513.59417565
   1.35883748 13890828.71496792
   1.35904898 13887152.21359545
   1.35926053 13883484.08124568
   1.35947214 13879824.30911302
   1.35968380 13876172.88839806
   1.35989551 13872529.81030843
   1.36010728 13868895.06605804
   1.36031911 13865268.64686804
   1.36053099 13861650.54396524
   1.36074293 13858040.74858373
   1.36095492 13854439.25196398
   1.36116697 13850846.04535329
   1.36137907 13847261.12000512
   1.36159123 13843684.46717998
   1.36180345 13840116.07814473
   1.36201572 13836555.94417274
   1.36222804 13833004.05654423
   1.36244042 13829460.40654576
   1.36265286 13825924.98547053
   1.36286535 13822397.78461832
   1.36307790 13818878.79529547
   1.36329050 13815368.00881494
   1.36350316 13811865.41649615
   1.36371587 13808371.00966510
   1.36392864 13804884.77965436
   1.36414147 13801406.71780306
   1.36435435 13797936.81545676
   1.36456728 13794475.06396779
   1.36478028 13791021.45469466
   1.36499332 13787575.97900291
   1.36520643 13784138.62826398
   1.36541959 13780709.39385627
   1.36563280 13777288.26716466
   1.36584607 13773875.23958043
   1.36605940 13770470.30250137
   1.36627278 13767073.44733184
   1.36648622 13763684.66548266
   1.36669972 13760303.94837108
   1.36691327 13756931.28742107
   1.36712687 13753566.67406276
   1.36734053 13750210.09973312
   1.36755425 13746861.55587527
   1.36776803 13743521.03393908
   1.36798186 13740188.52538075
   1.36819574 13736864.02166276
   1.36840968 13733547.51425458
   1.36862368 13730238.99463166
   1.36883773 13726938.45427608
   1.36905184 13723645.88467641
   1.36926601 13720361.27732755
   1.36948023 13717084.62373090
   1.36969451 13713815.91539467
   1.36990885 13710555.14383277
   1.37012324 13707302.30056598
   1.37033768 13704057.37712159
   1.37055219 13700820.36503311
   1.37076675 13697591.25584056
   1.37098136 13694370.04109052
   1.37119603 13691156.71233548
   1.37141076 13687951.26113505
   1.37162555 13684753.67905473
   1.37184039 13681563.95766654
   1.37205528 13678382.08854910
   1.37227024 13675208.06328709
   1.37248525 13672041.87347179
   1.37270031 13668883.51070092
   1.37291544 13665732.96657843
   1.37313062 13662590.23271475
   1.37334585 13659455.30072661
   1.37356114 13656328.16223715
   1.37377649 13653208.80887585
   1.37399190 13650097.23227864
   1.37420736 13646993.42408763
   1.37442288 13643897.37595162
   1.37463845 13640809.07952537
   1.37485408 13637728.52647020
   1.37506977 13634655.70845368
   1.37528552 13631590.61714993
   1.37550132 13628533.24423912
   1.37571718 13625483.58140790
   1.37593309 13622441.62034924
   1.37614906 13619407.35276246
   1.37636509 13616380.77035314
   1.37658117 13613361.86483322
   1.37679732 13610350.62792089
   1.37701351 13607347.05134077
   1.37722977 13604351.12682360
   1.37744608 13601362.84610661
   1.37766245 13598382.20093329
   1.37787888 13595409.18305339
   1.37809536 13592443.78422266
   1.37831190 13589485.99620375
   1.37852850 13586535.81076511
   1.37874515 13583593.21968167
   1.37896186 13580658.21473439
   1.37917863 13577730.78771118
   1.37939545 13574810.93040521
   1.37961234 13571898.63461665
   1.37982927 13568993.89215169
   1.38004627 13566096.69482280
   1.38026332 13563207.03444866
   1.38048043 13560324.90285421
   1.38069760 13557450.29187069
   1.38091482 13554583.19333572
   1.38113211 13551723.59909255
   1.38134944 13548871.50099151
   1.38156684 13546026.89088854
   1.38178429 13543189.76064606
   1.38200180 13540360.10213264
   1.38221937 13537537.90722306
   1.38243700 13534723.16779839
   1.38265468 13531915.87574581
   1.38287242 13529116.02295877
   1.38309022 13526323.60133685
   1.38330807 13523538.60278593
   1.38352598 13520761.01921787
   1.38374395 13517990.84255141
   1.38396198 13515228.06471026
   1.38418006 13512472.67762535
   1.38439820 13509724.67323342
   1.38461640 13506984.04347733
   1.38483466 13504250.78030628
   1.38505297 13501524.87567550
   1.38527134 13498806.32154631
   1.38548977 13496095.10988647
   1.38570826 13493391.23266969
   1.38592681 13490694.68187580
   1.38614541 13488005.44949090
   1.38636407 13485323.52750720
   1.38658278 13482648.90792296
   1.38680156 13479981.58274273
   1.38702039 13477321.54397703
   1.38723928 13474668.78364274
   1.38745823 13472023.29376256
   1.38767724 13469385.06636557
   1.38789630 13466754.09348685
   1.38811542 13464130.36716745
   1.38833460 13461513.87945482
   1.38855384 13458904.62240263
   1.38877314 13456302.58807007
   1.38899249 13453707.76852290
   1.38921190 13451120.15583281
   1.38943137 13448539.74207764
   1.38965090 13445966.51934129
   1.38987048 13443400.47971376
   1.39009012 13440841.61529110
   1.39030982 13438289.91817546
   1.39052958 13435745.38047508
   1.39074940 13433207.99430422
   1.39096928 13430677.75178335
   1.39118921 13428154.64503862
   1.39140920 13425638.66620274
   1.39162925 13423129.80741412
   1.39184936 13420628.06081745
   1.39206952 13418133.41856323
   1.39228975 13415645.87280820
   1.39251003 13413165.41571499
   1.39273037 13410692.03945242
   1.39295077 13408225.73619520
   1.39317123 13405766.49812408
   1.39339174 13403314.31742624
   1.39361231 13400869.18629403
   1.39383295 13398431.09692668
   1.39405364 13396000.04152875
   1.39427439 13393576.01231136
   1.39449519 13391159.00149129
   1.39471606 13388749.00129147
   1.39493698 13386346.00394082
   1.39515797 13383950.00167415
   1.39537901 13381560.98673241
   1.39560011 13379178.95136240
   1.39582126 13376803.88781695
   1.39604248 13374435.78835500
   1.39626376 13372074.64524119
   1.39648509 13369720.45074635
   1.39670648 13367373.19714733
   1.39692793 13365032.87672669
   1.39714944 13362699.48177311
   1.39737101 13360373.00458133
   1.39759264 13358053.43745179
   1.39781432 13355740.77269110
   1.39803607 13353435.00261167
   1.39825787 13351136.11953204
   1.39847973 13348844.11577641
   1.39870165 13346558.98367513
   1.39892363 13344280.71556449
   1.39914567 13342009.30378653
   1.39936777 13339744.74068939
   1.39958993 13337487.01862700
   1.39981214 13335236.12995935
   1.40003441 13332992.06705221
   1.40025675 13330754.82227738
   1.40047914 13328524.38801242
   1.40070159 13326300.75664087
   1.40092410 13324083.92055235
   1.40114667 13321873.87214182
   1.40136930 13319670.60381085
   1.40159198 13317474.10796643
   1.40181473 13315284.37702156
   1.40203753 13313101.40339513
   1.40226040 13310925.17951188
   1.40248332 13308755.69780242
   1.40270631 13306592.95070327
   1.40292935 13304436.93065671
   1.40315245 13302287.63011129
   1.40337561 13300145.04152067
   1.40359883 13298009.15734499
   1.40382211 13295879.97005001
   1.40404544 13293757.47210744
   1.40426884 13291641.65599452
   1.40449230 13289532.51419478
   1.40471581 13287430.03919737
   1.40493939 13285334.22349718
   1.40516302 13283245.05959512
   1.40538672 13281162.53999781
   1.40561047 13279086.65721766
   1.40583429 13277017.40377300
   1.40605816 13274954.77218792
   1.40628209 13272898.75499238
   1.40650608 13270849.34472198
   1.40673013 13268806.53391830
   1.40695424 13266770.31512871
   1.40717841 13264740.68090622
   1.40740264 13262717.62380987
   1.40762693 13260701.13640425
   1.40785128 13258691.21125979
   1.40807569 13256687.84095305
   1.40830016 13254691.01806575
   1.40852469 13252700.73518588
   1.40874928 13250716.98490693
   1.40897392 13248739.75982840
   1.40919863 13246769.05255528
   1.40942340 13244804.85569848
   1.40964823 13242847.16187475
   1.40987311 13240895.96370638
   1.41009806 13238951.25382150
   1.41032307 13237013.02485404
   1.41054813 13235081.26944362
   1.41077326 13233155.98023567
   1.41099845 13231237.14988123
   1.41122369 13229324.77103723
   1.41144900 13227418.83636599
   1.41167436 13225519.33853611
   1.41189979 13223626.27022143
   1.41212528 13221739.62410174
   1.41235082 13219859.39286243
   1.41257643 13217985.56919474
   1.41280210 13216118.14579535
   1.41302782 13214257.11536722
   1.41325361 13212402.47061822
   1.41347946 13210554.20426245
   1.41370537 13208712.30901951
   1.41393133 13206876.77761487
   1.41415736 13205047.60277941
   1.41438345 13203224.77725005
   1.41460960 13201408.29376882
   1.41483581 13199598.14508413
   1.41506207 13197794.32394956
   1.41528840 13195996.82312457
   1.41551479 13194205.63537416
   1.41574124 13192420.75346904
   1.41596775 13190642.17018571
   1.41619432 13188869.87830616
   1.41642096 13187103.87061798
   1.41664765 13185344.13991462
   1.41687440 13183590.67899497
   1.41710121 13181843.48066377
   1.41732809 13180102.53773108
   1.41755502 13178367.84301303
   1.41778201 13176639.38933081
   1.41800907 13174917.16951191
   1.41823619 13173201.17638886
   1.41846336 13171491.40280012
   1.41869060 13169787.84158961
   1.41891790 13168090.48560699
   1.41914525 13166399.32770744
   1.41937267 13164714.36075182
   1.41960015 13163035.57760656
   1.41982769 13161362.97114357
   1.42005530 13159696.53424056
   1.42028296 13158036.25978065
   1.42051068 13156382.14065264
   1.42073846 13154734.16975091
   1.42096631 13153092.33997542
   1.42119422 13151456.64423163
   1.42142218 13149827.07543070
   1.42165021 13148203.62648928
   1.42187830 13146586.29032954
   1.42210645 13144975.05987926
   1.42233466 13143369.92807193
   1.42256293 13141770.88784630
   1.42279126 13140177.93214672
   1.42301966 13138591.05392371
   1.42324811 13137010.24613223
   1.42347663 13135435.50173362
   1.42370520 13133866.81369448
   1.42393384 13132304.17498699
   1.42416254 13130747.57858872
   1.42439130 13129197.01748309
   1.42462012 13127652.48465866
   1.42484901 13126113.97310986
   1.42507795 13124581.47583619
   1.42530696 13123054.98584318
   1.42553602 13121534.49614161
   1.42576515 13120019.99974767
   1.42599434 13118511.48968327
   1.42622359 13117008.95897568
   1.42645290 13115512.40065769
   1.42668228 13114021.80776764
   1.42691171 13112537.17334925
   1.42714121 13111058.49045182
   1.42737077 13109585.75213016
   1.42760039 13108118.95144419
   1.42783007 13106658.08146033
   1.42805981 13105203.13524892
   1.42828962 13103754.10588711
   1.42851948 13102310.98645681
   1.42874941 13100873.77004575
   1.42897940 13099442.44974682
   1.42920945 13098017.01865854
   1.42943956 13096597.46988485
   1.42966973 13095183.79653511
   1.42989997 13093775.99172426
   1.43013027 13092374.04857239
   1.43036063 13090977.96020534
   1.43059105 13089587.71975413
   1.43082153 13088203.32035544
   1.43105208 13086824.75515124
   1.43128268 13085452.01728890
   1.43151335 13084085.09992126
   1.43174408 13082723.99620659
   1.43197487 13081368.69930858
   1.43220573 13080019.20239634
   1.43243665 13078675.49864419
   1.43266762 13077337.58123197
   1.43289866 13076005.44334554
   1.43312977 13074679.07817492
   1.43336093 13073358.47891650
   1.43359216 13072043.63877159
   1.43382345 13070734.55094715
   1.43405480 13069431.20865542
   1.43428621 13068133.60511389
   1.43451768 13066841.73354570
   1.43474922 13065555.58717911
   1.43498082 13064275.15924788
   1.43521248 13063000.44299119
   1.43544421 13061731.43165326
   1.43567599 13060468.11848402
   1.43590784 13059210.49673875
   1.43613975 13057958.55967789
   1.43637172 13056712.30056729
   1.43660376 13055471.71267817
   1.43683586 13054236.78928706
   1.43706802 13053007.52367591
   1.43730024 13051783.90913198
   1.43753252 13050565.93894768
   1.43776487 13049353.60642087
   1.43799728 13048146.90485524
   1.43822975 13046945.82755874
   1.43846229 13045750.36784560
   1.43869489 13044560.51903464
   1.43892755 13043376.27445064
   1.43916027 13042197.62742330
   1.43939306 13041024.57128765
   1.43962590 13039857.09938415
   1.43985881 13038695.20505847
   1.44009179 13037538.88166159
   1.44032482 13036388.12254981
   1.44055792 13035242.92108459
   1.44079108 13034103.27063298
   1.44102431 13032969.16456689
   1.44125760 13031840.59626386
   1.44149095 13030717.55910649
   1.44172436 13029600.04648282
   1.44195784 13028488.05178598
   1.44219137 13027381.56841455
   1.44242498 13026280.58977215
   1.44265864 13025185.10926787
   1.44289237 13024095.12031582
   1.44312616 13023010.61633587
   1.44336001 13021931.59075242
   1.44359393 13020858.03699555
   1.44382791 13019789.94850058
   1.44406195 13018727.31870791
   1.44429606 13017670.14106325
   1.44453023 13016618.40901760
   1.44476446 13015572.11602709
   1.44499875 13014531.25555312
   1.44523311 13013495.82106233
   1.44546753 13012465.80602644
   1.44570202 13011441.20392266
   1.44593657 13010422.00823324
   1.44617118 13009408.21244536
   1.44640585 13008399.81005204
   1.44664059 13007396.79455091
   1.44687539 13006399.15944516
   1.44711026 13005406.89824311
   1.44734518 13004420.00445808
   1.44758018 13003438.47160876
   1.44781523 13002462.29321893
   1.44805035 13001491.46281751
   1.44828553 13000525.97393912
   1.44852078 12999565.82012263
   1.44875609 12998610.99491276
   1.44899146 12997661.49185918
   1.44922689 12996717.30451685
   1.44946239 12995778.42644551
   1.44969796 12994844.85121062
   1.44993358 12993916.57238242
   1.45016927 12992993.58353644
   1.45040503 12992075.87825325
   1.45064085 12991163.45011865
   1.45087673 12990256.29272359
   1.45111267 12989354.39966412
   1.45134868 12988457.76454136
   1.45158476 12987566.38096171
   1.45182089 12986680.24253665
   1.45205709 12985799.34288268
   1.45229336 12984923.67562156
   1.45252969 12984053.23438006
   1.45276608 12983188.01279016
   1.45300254 12982328.00448888
   1.45323906 12981473.20311828
   1.45347564 12980623.60232590
   1.45371229 12979779.19576387
   1.45394900 12978939.97708962
   1.45418578 12978105.93996584
   1.45442262 12977277.07806019
   1.45465952 12976453.38504534
   1.45489649 12975634.85459909
   1.45513352 12974821.48040444
   1.45537062 12974013.25614924
   1.45560778 12973210.17552673
   1.45584501 12972412.23223488
   1.45608230 12971619.41997699
   1.45631965 12970831.73246138
   1.45655707 12970049.16340122
   1.45679455 12969271.70651513
   1.45703210 12968499.35552625
   1.45726971 12967732.10416338
   1.45750739 12966969.94615993
   1.45774512 12966212.87525457
   1.45798293 12965460.88519090
   1.45822080 12964713.96971761
   1.45845873 12963972.12258832
   1.45869673 12963235.33756216
   1.45893479 12962503.60840254
   1.45917292 12961776.92887835
   1.45941111 12961055.29276356
   1.45964937 12960338.69383690
   1.45988769 12959627.12588227
   1.46012607 12958920.58268872
   1.46036452 12958219.05804986
   1.46060304 12957522.54576485
   1.46084161 12956831.03963748
   1.46108026 12956144.53347682
   1.46131897 12955463.02109660
   1.46155774 12954786.49631593
   1.46179658 12954114.95295849
   1.46203548 12953448.38485337
   1.46227445 12952786.78583433
   1.46251348 12952130.14974034
   1.46275258 12951478.47041515
   1.46299174 12950831.74170764
   1.46323097 12950189.95747153
   1.46347026 12949553.11156568
   1.46370962 12948921.19785366
   1.46394904 12948294.21020443
   1.46418853 12947672.14249143
   1.46442808 12947054.98859333
   1.46466770 12946442.74239365
   1.46490738 12945835.39778095
   1.46514713 12945232.94864867
   1.46538694 12944635.38889519
   1.46562682 12944042.71242390
   1.46586676 12943454.91314310
   1.46610677 12942871.98496598
   1.46634685 12942293.92181072
   1.46658698 12941720.71760028
   1.46682719 12941152.36626280
   1.46706746 12940588.86173115
   1.46730779 12940030.19794319
   1.46754819 12939476.36884168
   1.46778866 12938927.36837434
   1.46802919 12938383.19049352
   1.46826979 12937843.82915696
   1.46851045 12937309.27832699
   1.46875118 12936779.53197086
   1.46899197 12936254.58406065
   1.46923283 12935734.42857383
   1.46947375 12935219.05949201
   1.46971474 12934708.47080208
   1.46995579 12934202.65649591
   1.47019692 12933701.61057001
   1.47043810 12933205.32702599
   1.47067935 12932713.79987011
   1.47092067 12932227.02311372
   1.47116205 12931744.99077278
   1.47140350 12931267.69686843
   1.47164502 12930795.13542646
   1.47188660 12930327.30047757
   1.47212824 12929864.18605730
   1.47236996 12929405.78620603
   1.47261173 12928952.09496907
   1.47285358 12928503.10639651
   1.47309549 12928058.81454332
   1.47333746 12927619.21346924
   1.47357951 12927184.29723892
   1.47382161 12926754.05992180
   1.47406379 12926328.49559203
   1.47430603 12925907.59832931
   1.47454833 12925491.36221674
   1.47479070 12925079.78134360
   1.47503314 12924672.84980343
   1.47527565 12924270.56169447
   1.47551822 12923872.91112001
   1.47576085 12923479.89218808
   1.47600355 12923091.49901151
   1.47624632 12922707.72570788
   1.47648916 12922328.56639959
   1.47673206 12921954.01521392
   1.47697503 12921584.06628285
   1.47721806 12921218.71374316
   1.47746116 12920857.95173653
   1.47770433 12920501.77440922
   1.47794756 12920150.17591249
   1.47819086 12919803.15040215
   1.47843422 12919460.69203903
   1.47867766 12919122.79498854
   1.47892115 12918789.45342097
   1.47916472 12918460.66151115
   1.47940835 12918136.41343896
   1.47965205 12917816.70338924
   1.47989581 12917501.52555087
   1.48013964 12917190.87411802
   1.48038354 12916884.74328947
   1.48062751 12916583.12726884
   1.48087154 12916286.02026437
   1.48111563 12915993.41648901
   1.48135980 12915705.31016056
   1.48160403 12915421.69550160
   1.48184833 12915142.56673918
   1.48209269 12914867.91810555
   1.48233712 12914597.74383697
   1.48258162 12914332.03817515
   1.48282619 12914070.79536617
   1.48307082 12913814.00966080
   1.48331552 12913561.67531464
   1.48356028 12913313.78658789
   1.48380512 12913070.33774558
   1.48405002 12912831.32305734
   1.48429498 12912596.73679754
   1.48454002 12912366.57324524
   1.48478512 12912140.82668410
   1.48503029 12911919.49140300
   1.48527552 12911702.56169464
   1.48552082 12911490.03185709
   1.48576619 12911281.89619255
   1.48601163 12911078.14900849
   1.48625713 12910878.78461669
   1.48650270 12910683.79733383
   1.48674834 12910493.18148088
   1.48699405 12910306.93138387
   1.48723982 12910125.04137328
   1.48748566 12909947.50578432
   1.48773157 12909774.31895692
   1.48797754 12909605.47523550
   1.48822359 12909440.96896928
   1.48846969 12909280.79451209
   1.48871587 12909124.94622233
   1.48896212 12908973.41846311
   1.48920843 12908826.20560228
   1.48945481 12908683.30201208
   1.48970125 12908544.70206964
   1.48994777 12908410.40015664
   1.49019435 12908280.39065885
   1.49044100 12908154.66796810
   1.49068772 12908033.22647918
   1.49093450 12907916.06059249
   1.49118136 12907803.16471269
   1.49142828 12907694.53324922
   1.49167526 12907590.16061609
   1.49192232 12907490.04123177
   1.49216944 12907394.16951948
   1.49241664 12907302.53990712
   1.49266389 12907215.14682689
   1.49291122 12907131.98471595
   1.49315862 12907053.04801573
   1.49340608 12906978.33117258
   1.49365361 12906907.82863689
   1.49390121 12906841.53486431
   1.49414888 12906779.44431464
   1.49439661 12906721.55145244
   1.49464441 12906667.85074664
   1.49489229 12906618.33667097
   1.49514022 12906573.00370353
   1.49538823 12906531.84632722
   1.49563631 12906494.85902906
   1.49588445 12906462.03630148
   1.49613266 12906433.37264045
   1.49638094 12906408.86254704
   1.49662929 12906388.50052690
   1.49687771 12906372.28109008
   1.49712619 12906360.19875117
   1.49737474 12906352.24802930
   1.49762336 12906348.42344826
   1.49787205 12906348.71953632
   1.49812081 12906353.13082618
   1.49836964 12906361.65185516
   1.49861853 12906374.27716511
   1.49886749 12906391.00130238
   1.49911653 12906411.81881782
   1.49936563 12906436.72426684
   1.49961480 12906465.71220937
   1.49986403 12906498.77720973
   1.50011334 12906535.91383698
   1.50036271 12906577.11666439
   1.50061216 12906622.38027001
   1.50086167 12906671.69923629
   1.50111125 12906725.06814998
   1.50136090 12906782.48160271
   1.50161061 12906843.93419030
   1.50186040 12906909.42051309
   1.50211026 12906978.93517605
   1.50236018 12907052.47278853
   1.50261017 12907130.02796427
   1.50286023 12907211.59532170
   1.50311036 12907297.16948363
   1.50336056 12907386.74507716
   1.50361083 12907480.31673423
   1.50386117 12907577.87909084
   1.50411158 12907679.42678776
   1.50436205 12907784.95447007
   1.50461260 12907894.45678731
   1.50486321 12908007.92839359
   1.50511389 12908125.36394719
   1.50536464 12908246.75811120
   1.50561546 12908372.10555284
   1.50586635 12908501.40094403
   1.50611731 12908634.63896095
   1.50636834 12908771.81428423
   1.50661944 12908912.92159887
   1.50687061 12909057.95559483
   1.50712184 12909206.91096566
   1.50737315 12909359.78240982
   1.50762452 12909516.56463009
   1.50787597 12909677.25233378
   1.50812748 12909841.84023261
   1.50837906 12910010.32304219
   1.50863071 12910182.69548339
   1.50888244 12910358.95228094
   1.50913423 12910539.08816408
   1.50938609 12910723.09786647
   1.50963802 12910910.97612624
   1.50989002 12911102.71768564
   1.51014209 12911298.31729173
   1.51039423 12911497.76969559
   1.51064643 12911701.06965287
   1.51089871 12911908.21192361
   1.51115106 12912119.19127212
   1.51140348 12912334.00246721
   1.51165596 12912552.64028196
   1.51190852 12912775.09949381
   1.51216115 12913001.37488473
   1.51241385 12913231.46124098
   1.51266661 12913465.35335293
   1.51291945 12913703.04601577
   1.51317235 12913944.53402864
   1.51342533 12914189.81219534
   1.51367838 12914438.87532368
   1.51393149 12914691.71822627
   1.51418468 12914948.33571957
   1.51443794 12915208.72262477
   1.51469126 12915472.87376722
   1.51494466 12915740.78397658
   1.51519812 12916012.44808700
   1.51545166 12916287.86093681
   1.51570527 12916567.01736865
   1.51595894 12916849.91222969
   1.51621269 12917136.54037123
   1.51646651 12917426.89664899
   1.51672040 12917720.97592271
   1.51697435 12918018.77305699
   1.51722838 12918320.28292039
   1.51748248 12918625.50038574
   1.51773665 12918934.42033014
   1.51799089 12919247.03763566
   1.51824520 12919563.34718758
   1.51849958 12919883.34387617
   1.51875403 12920207.02259596
   1.51900855 12920534.37824551
   1.51926314 12920865.40572792
   1.51951780 12921200.09995040
   1.51977253 12921538.45582470
   1.52002734 12921880.46826624
   1.52028221 12922226.13219558
   1.52053715 12922575.44253688
   1.52079217 12922928.39421892
   1.52104725 12923284.98217453
   1.52130241 12923645.20134095
   1.52155764 12924009.04665967
   1.52181294 12924376.51307629
   1.52206830 12924747.59554089
   1.52232374 12925122.28900769
   1.52257925 12925500.58843513
   1.52283484 12925882.48878589
   1.52309049 12926267.98502686
   1.52334621 12926657.07212987
   1.52360200 12927049.74506947
   1.52385787 12927445.99882586
   1.52411381 12927845.82838290
   1.52436981 12928249.22872870
   1.52462589 12928656.19485561
   1.52488204 12929066.72176039
   1.52513826 12929480.80444364
   1.52539455 12929898.43791058
   1.52565091 12930319.61717039
   1.52590735 12930744.33723667
   1.52616385 12931172.59312695
   1.52642043 12931604.37986326
   1.52667707 12932039.69247158
   1.52693379 12932478.52598235
   1.52719058 12932920.87543001
   1.52744744 12933366.73585326
   1.52770438 12933816.10229501
   1.52796138 12934268.96980250
   1.52821846 12934725.33342668
   1.52847560 12935185.18822328
   1.52873282 12935648.52925178
   1.52899011 12936115.35157640
   1.52924747 12936585.65026469
   1.52950491 12937059.42038908
   1.52976241 12937536.65702580
   1.53001999 12938017.35525542
   1.53027763 12938501.51016274
   1.53053535 12938989.11683644
   1.53079314 12939480.17036970
   1.53105101 12939974.66585963
   1.53130894 12940472.59840748
   1.53156695 12940973.96311897
   1.53182503 12941478.75510339
   1.53208318 12941986.96947483
   1.53234140 12942498.60135108
   1.53259969 12943013.64585424
   1.53285806 12943532.09811049
   1.53311649 12944053.95325021
   1.53337500 12944579.20640790
   1.53363358 12945107.85272211
   1.53389224 12945639.88733560
   1.53415096 12946175.30539523
   1.53440976 12946714.10205184
   1.53466863 12947256.27246101
   1.53492757 12947801.81178146
   1.53518658 12948350.71517685
   1.53544567 12948902.97781419
   1.53570483 12949458.59486550
   1.53596406 12950017.56150623
   1.53622336 12950579.87291623
   1.53648274 12951145.52427928
   1.53674218 12951714.51078332
   1.53700170 12952286.82762051
   1.53726129 12952862.46998701
   1.53752096 12953441.43308293
   1.53778069 12954023.71211272
   1.53804050 12954609.30228466
   1.53830038 12955198.19881142
   1.53856034 12955790.39690943
   1.53882037 12956385.89179941
   1.53908046 12956984.67870599
   1.53934064 12957586.75285806
   1.53960088 12958192.10948849
   1.53986120 12958800.74383418
   1.54012159 12959412.65113584
   1.54038205 12960027.82663894
   1.54064258 12960646.26559213
   1.54090319 12961267.96324928
   1.54116387 12961892.91486689
   1.54142462 12962521.11570650
   1.54168545 12963152.56103339
   1.54194635 12963787.24611687
   1.54220732 12964425.16623026
   1.54246836 12965066.31665115
   1.54272948 12965710.69266093
   1.54299067 12966358.28954497
   1.54325193 12967009.10259302
   1.54351327 12967663.12709848
   1.54377468 12968320.35835876
   1.54403616 12968980.79167577
   1.54429771 12969644.42235486
   1.54455934 12970311.24570583
   1.54482104 12970981.25704226
   1.54508282 12971654.45168179
   1.54534467 12972330.82494606
   1.54560659 12973010.37216071
   1.54586858 12973693.08865549
   1.54613065 12974378.96976403
   1.54639279 12975068.01082380
   1.54665500 12975760.20717694
   1.54691729 12976455.55416874
   1.54717965 12977154.04714872
   1.54744209 12977855.68147076
   1.54770459 12978560.45249237
   1.54796717 12979268.35557517
   1.54822983 12979979.38608469
   1.54849256 12980693.53939053
   1.54875536 12981410.81086612
   1.54901823 12982131.19588899
   1.54928118 12982854.68984061
   1.54954420 12983581.28810638
   1.54980730 12984310.98607571
   1.55007047 12985043.77914188
   1.55033371 12985779.66270232
   1.55059703 12986518.63215809
   1.55086042 12987260.68291455
   1.55112389 12988005.81038070
   1.55138742 12988754.00996982
   1.55165104 12989505.27709885
   1.55191472 12990259.60718890
   1.55217848 12991016.99566438
   1.55244232 12991777.43795496
   1.55270622 12992540.92949291
   1.55297021 12993307.46571508
   1.55323426 12994077.04206207
   1.55349839 12994849.65397851
   1.55376259 12995625.29691287
   1.55402687 12996403.96631753
   1.55429122 12997185.65764888
   1.55455565 12997970.36636714
   1.55482015 12998758.08793654
   1.55508473 12999548.81782501
   1.55534937 13000342.55150465
   1.55561410 13001139.28445139
   1.55587889 13001939.01214474
   1.55614377 13002741.73006860
   1.55640871 13003547.43371058
   1.55667373 13004356.11856197
   1.55693883 13005167.78011833
   1.55720400 13005982.41387877
   1.55746924 13006800.01534645
   1.55773456 13007620.58002839
   1.55799995 13008444.10343536
   1.55826542 13009270.58108257
   1.55853096 13010100.00848821
   1.55879657 13010932.38117498
   1.55906227 13011767.69466930
   1.55932803 13012605.94450124
   1.55959387 13013447.12620512
   1.55985979 13014291.23531895
   1.56012577 13015138.26738436
   1.56039184 13015988.21794725
   1.56065798 13016841.08255713
   1.56092419 13017696.85676734
   1.56119048 13018555.53613519
   1.56145684 13019417.11622178
   1.56172328 13020281.59259201
   1.56198980 13021148.96081467
   1.56225638 13022019.21646251
   1.56252305 13022892.35511178
   1.56278978 13023768.37234297
   1.56305660 13024647.26374004
   1.56332349 13025529.02489105
   1.56359045 13026413.65138772
   1.56385749 13027301.13882572
   1.56412460 13028191.48280442
   1.56439179 13029084.67892709
   1.56465905 13029980.72280074
   1.56492639 13030879.61003619
   1.56519381 13031781.33624822
   1.56546130 13032685.89705525
   1.56572886 13033593.28807958
   1.56599650 13034503.50494726
   1.56626422 13035416.54328827
   1.56653201 13036332.39873628
   1.56679987 13037251.06692868
   1.56706782 13038172.54350674
   1.56733583 13039096.82411564
   1.56760393 13040023.90440428
   1.56787209 13040953.78002493
   1.56814034 13041886.44663430
   1.56840866 13042821.89989249
   1.56867705 13043760.13546367
   1.56894552 13044701.14901531
   1.56921407 13045644.93621902
   1.56948269 13046591.49275011
   1.56975139 13047540.81428761
   1.57002016 13048492.89651428
   1.57028901 13049447.73511668
   1.57055794 13050405.32578528
   1.57082694 13051365.66421406
   1.57109602 13052328.74610075
   1.57136517 13053294.56714732
   1.57163440 13054263.12305856
   1.57190370 13055234.40954397
   1.57217308 13056208.42231625
   1.57244254 13057185.15709194
   1.57271207 13058164.60959137
   1.57298168 13059146.77553858
   1.57325137 13060131.65066131
   1.57352113 13061119.23069107
   1.57379096 13062109.51136319
   1.57406088 13063102.48841637
   1.57433087 13064098.15759363
   1.57460093 13065096.51464119
   1.57487107 13066097.55530908
   1.57514129 13067101.27535123
   1.57541159 13068107.67052518
   1.57568196 13069116.73659231
   1.57595241 13070128.46931725
   1.57622293 13071142.86446893
   1.57649353 13072159.91781960
   1.57676421 13073179.62514538
   1.57703496 13074201.98222598
   1.57730579 13075226.98484506
   1.57757670 13076254.62878951
   1.57784768 13077284.90985028
   1.57811874 13078317.82382193
   1.57838987 13079353.36650259
   1.57866109 13080391.53369417
   1.57893238 13081432.32120228
   1.57920374 13082475.72483620
   1.57947519 13083521.74040877
   1.57974671 13084570.36373665
   1.58001830 13085621.59064007
   1.58028998 13086675.41694299
   1.58056173 13087731.83847299
   1.58083355 13088790.85106141
   1.58110546 13089852.45054302
   1.58137744 13090916.63275650
   1.58164950 13091983.39354411
   1.58192163 13093052.72875158
   1.58219384 13094124.63422859
   1.58246613 13095199.10582832
   1.58273850 13096276.13940748
   1.58301094 13097355.73082654
   1.58328346 13098437.87594984
   1.58355606 13099522.57064484
   1.58382873 13100609.81078311
   1.58410149 13101699.59223945
   1.58437432 13102791.91089270
   1.58464722 13103886.76262499
   1.58492021 13104984.14332233
   1.58519327 13106084.04887413
   1.58546641 13107186.47517358
   1.58573962 13108291.41811733
   1.58601292 13109398.87360596
   1.58628629 13110508.83754329
   1.58655974 13111621.30583678
   1.58683326 13112736.27439790
   1.58710687 13113853.73914123
   1.58738055 13114973.69598533
   1.58765431 13116096.14085198
   1.58792814 13117221.06966703
   1.58820206 13118348.47835961
   1.58847605 13119478.36286224
   1.58875012 13120610.71911150
   1.58902427 13121745.54304749
   1.58929849 13122882.83061358
   1.58957280 13124022.57775688
   1.58984718 13125164.78042812
   1.59012164 13126309.43458168
   1.59039617 13127456.53617528
   1.59067079 13128606.08117042
   1.59094548 13129758.06553211
   1.59122025 13130912.48522885
   1.59149510 13132069.33623293
   1.59177003 13133228.61451989
   1.59204503 13134390.31606902
   1.59232012 13135554.43686315
   1.59259528 13136720.97288868
   1.59287052 13137889.92013555
   1.59314583 13139061.27459713
   1.59342123 13140235.03227056
   1.59369670 13141411.18915635
   1.59397226 13142589.74125854
   1.59424789 13143770.68458497
   1.59452360 13144954.01514659
   1.59479938 13146139.72895826
   1.59507525 13147327.82203836
   1.59535119 13148518.29040850
   1.59562722 13149711.13009397
   1.59590332 13150906.33712371
   1.59617950 13152103.90753006
   1.59645576 13153303.83734907
   1.59673209 13154506.12261975
   1.59700851 13155710.75938539
   1.59728500 13156917.74369229
   1.59756158 13158127.07159042
   1.59783823 13159338.73913309
   1.59811496 13160552.74237762
   1.59839177 13161769.07738415
   1.59866865 13162987.74021686
   1.59894562 13164208.72694300
   1.59922267 13165432.03363369
   1.59949979 13166657.65636337
   1.59977699 13167885.59120997
   1.60005428 13169115.83425501
   1.60033164 13170348.38158331
   1.60060908 13171583.22928328
   1.60088660 13172820.37344697
   1.60116420 13174059.81016959
   1.60144187 13175301.53555006
   1.60171963 13176545.54569069
   1.60199747 13177791.83669738
   1.60227538 13179040.40467928
   1.60255338 13180291.24574916
   1.60283145 13181544.35602327
   1.60310960 13182799.73162124
   1.60338784 13184057.36866623
   1.60366615 13185317.26328482
   1.60394454 13186579.41160697
   1.60422301 13187843.80976636
   1.60450156 13189110.45389993
   1.60478019 13190379.34014779
   1.60505890 13191650.46465405
   1.60533768 13192923.82356592
   1.60561655 13194199.41303414
   1.60589550 13195477.22921297
   1.60617453 13196757.26825987
   1.60645363 13198039.52633591
   1.60673282 13199323.99960558
   1.60701208 13200610.68423678
   1.60729143 13201899.57640099
   1.60757086 13203190.67227278
   1.60785036 13204483.96803036
   1.60812995 13205779.45985533
   1.60840961 13207077.14393272
   1.60868935 13208377.01645100
   1.60896918 13209679.07360207
   1.60924908 13210983.31158094
   1.60952907 13212289.72658644
   1.60980913 13213598.31482065
   1.61008928 13214909.07248900
   1.61036950 13216221.99580051
   1.61064981 13217537.08096722
   1.61093019 13218854.32420496
   1.61121066 13220173.72173270
   1.61149120 13221495.26977295
   1.61177183 13222818.96455157
   1.61205253 13224144.80229773
   1.61233332 13225472.77924408
   1.61261419 13226802.89162664
   1.61289513 13228135.13568471
   1.61317616 13229469.50766119
   1.61345727 13230806.00380207
   1.61373845 13232144.62035691
   1.61401972 13233485.35357859
   1.61430107 13234828.19972337
   1.61458250 13236173.15505078
   1.61486401 13237520.21582388
   1.61514560 13238869.37830895
   1.61542727 13240220.63877576
   1.61570902 13241573.99349727
   1.61599086 13242929.43874993
   1.61627277 13244286.97081341
   1.61655476 13245646.58597102
   1.61683684 13247008.28050903
   1.61711899 13248372.05071724
   1.61740123 13249737.89288898
   1.61768354 13251105.80332035
   1.61796594 13252475.77831151
   1.61824842 13253847.81416554
   1.61853098 13255221.90718884
   1.61881362 13256598.05369132
   1.61909634 13257976.24998601
   1.61937915 13259356.49238942
   1.61966203 13260738.77722154
   1.61994500 13262123.10080521
   1.62022804 13263509.45946697
   1.62051117 13264897.84953662
   1.62079438 13266288.26734713
   1.62107767 13267680.70923497
   1.62136104 13269075.17153978
   1.62164449 13270471.65060457
   1.62192802 13271870.14277575
   1.62221164 13273270.64440259
   1.62249533 13274673.15183831
   1.62277911 13276077.66143910
   1.62306297 13277484.16956436
   1.62334691 13278892.67257689
   1.62363093 13280303.16684282
   1.62391504 13281715.64873144
   1.62419922 13283130.11461549
   1.62448349 13284546.56087091
   1.62476784 13285964.98387695
   1.62505227 13287385.38001601
   1.62533678 13288807.74567395
   1.62562137 13290232.07723970
   1.62590605 13291658.37110609
   1.62619080 13293086.62366802
   1.62647564 13294516.83132480
   1.62676056 13295948.99047845
   1.62704557 13297383.09753438
   1.62733065 13298819.14890133
   1.62761582 13300257.14099108
   1.62790107 13301697.07021887
   1.62818640 13303138.93300318
   1.62847181 13304582.72576570
   1.62875730 13306028.44493122
   1.62904288 13307476.08692817
   1.62932854 13308925.64818784
   1.62961428 13310377.12514488
   1.62990010 13311830.51423724
   1.63018601 13313285.81190607
   1.63047199 13314743.01459590
   1.63075806 13316202.11875403
   1.63104422 13317663.12083156
   1.63133045 13319126.01728251
   1.63161677 13320590.80456430
   1.63190317 13322057.47913719
   1.63218965 13323526.03746537
   1.63247621 13324996.47601547
   1.63276286 13326468.79125784
   1.63304959 13327942.97966582
   1.63333640 13329419.03771609
   1.63362330 13330896.96188846
   1.63391027 13332376.74866604
   1.63419733 13333858.39453499
   1.63448447 13335341.89598490
   1.63477170 13336827.24950830
   1.63505901 13338314.45160122
   1.63534640 13339803.49876255
   1.63563387 13341294.38749470
   1.63592143 13342787.11430297
   1.63620907 13344281.67569611
   1.63649679 13345778.06818594
   1.63678459 13347276.28828747
   1.63707248 13348776.33251891
   1.63736045 13350278.19740159
   1.63764851 13351781.87946020
   1.63793664 13353287.37522233
   1.63822486 13354794.68121899
   1.63851317 13356303.79398437
   1.63880155 13357814.71005548
   1.63909002 13359327.42597309
   1.63937858 13360841.93828038
   1.63966721 13362358.24352440
   1.63995593 13363876.33825507
   1.64024474 13365396.21902541
   1.64053362 13366917.88239167
   1.64082259 13368441.32491327
   1.64111164 13369966.54315262
   1.64140078 13371493.53367573
   1.64169000 13373022.29305120
   1.64197930 13374552.81785104
   1.64226869 13376085.10465058
   1.64255816 13377619.15002783
   1.64284772 13379154.95056440
   1.64313735 13380692.50284483
   1.64342708 13382231.80345680
   1.64371688 13383772.84899118
   1.64400677 13385315.63604172
   1.64429674 13386860.16120574
   1.64458680 13388406.42108344
   1.64487694 13389954.41227811
   1.64516716 13391504.13139620
   1.64545747 13393055.57504732
   1.64574787 13394608.73984412
   1.64603834 13396163.62240243
   1.64632890 13397720.21934123
   1.64661955 13399278.52728254
   1.64691027 13400838.54285150
   1.64720109 13402400.26267631
   1.64749198 13403963.68338844
   1.64778296 13405528.80162227
   1.64807403 13407095.61401537
   1.64836518 13408664.11720844
   1.64865641 13410234.30784519
   1.64894773 13411806.18257248
   1.64923913 13413379.73804028
   1.64953062 13414954.97090161
   1.64982219 13416531.87781251
   1.65011384 13418110.45543228
   1.65040558 13419690.70042317
   1.65069741 13421272.60945047
   1.65098931 13422856.17918285
   1.65128131 13424441.40629156
   1.65157339 13426028.28745133
   1.65186555 13427616.81933977
   1.65215779 13429206.99863773
   1.65245013 13430798.82202871
   1.65274254 13432392.28619987
   1.65303504 13433987.38784110
   1.65332763 13435584.12364526
   1.65362030 13437182.49030852
   1.65391306 13438782.48452980
   1.65420590 13440384.10301160
   1.65449882 13441987.34245877
   1.65479183 13443592.19957978
   1.65508493 13445198.67108582
   1.65537811 13446806.75369130
   1.65567137 13448416.44411361
   1.65596472 13450027.73907314
   1.65625816 13451640.63529346
   1.65655168 13453255.12950099
   1.65684529 13454871.21842547
   1.65713898 13456488.89879895
   1.65743275 13458108.16735772
   1.65772661 13459729.02084007
   1.65802056 13461351.45598763
   1.65831459 13462975.46954515
   1.65860871 13464601.05826040
   1.65890291 13466228.21888399
   1.65919720 13467856.94816975
   1.65949158 13469487.24287446
   1.65978604 13471119.09975779
   1.66008058 13472752.51558260
   1.66037521 13474387.48711459
   1.66066993 13476024.01112283
   1.66096473 13477662.08437892
   1.66125962 13479301.70365749
   1.66155459 13480942.86573667
   1.66184965 13482585.56739706
   1.66214479 13484229.80542257
   1.66244002 13485875.57659996
   1.66273534 13487522.87771901
   1.66303074 13489171.70557248
   1.66332623 13490822.05695617
   1.66362180 13492473.92866872
   1.66391746 13494127.31751216
   1.66421321 13495782.22029087
   1.66450904 13497438.63381266
   1.66480496 13499096.55488819
   1.66510096 13500755.98033113
   1.66539705 13502416.90695809
   1.66569323 13504079.33158872
   1.66598949 13505743.25104535
   1.66628584 13507408.66215369
   1.66658227 13509075.56174221
   1.66687880 13510743.94664222
   1.66717540 13512413.81368842
   1.66747210 13514085.15971789
   1.66776888 13515757.98157103
   1.66806574 13517432.27609113
   1.66836270 13519108.04012442
   1.66865974 13520785.27052006
   1.66895686 13522463.96413016
   1.66925408 13524144.11780974
   1.66955138 13525825.72841691
   1.66984876 13527508.79281254
   1.67014624 13529193.30786055
   1.67044379 13530879.27042770
   1.67074144 13532566.67738385
   1.67103917 13534255.52560163
   1.67133699 13535945.81195665
   1.67163490 13537637.53332747
   1.67193289 13539330.68659557
   1.67223097 13541025.26864533
   1.67252914 13542721.27636406
   1.67282740 13544418.70664206
   1.67312574 13546117.55637239
   1.67342416 13547817.82245113
   1.67372268 13549519.50177743
   1.67402128 13551222.59125301
   1.67431997 13552927.08778272
   1.67461875 13554632.98827433
   1.67491761 13556340.28963831
   1.67521656 13558048.98878831
   1.67551560 13559759.08264069
   1.67581473 13561470.56811483
   1.67611394 13563183.44213287
   1.67641324 13564897.70162004
   1.67671263 13566613.34350408
   1.67701210 13568330.36471631
   1.67731167 13570048.76219015
   1.67761132 13571768.53286241
   1.67791106 13573489.67367258
   1.67821088 13575212.18156316
   1.67851079 13576936.05347942
   1.67881079 13578661.28636957
   1.67911088 13580387.87718472
   1.67941106 13582115.82287884
   1.67971132 13583845.12040849
   1.68001167 13585575.76673351
   1.68031211 13587307.75881666
   1.68061264 13589041.09362311
   1.68091326 13590775.76812118
   1.68121396 13592511.77928203
   1.68151475 13594249.12407971
   1.68181563 13595987.79949100
   1.68211660 13597727.80249565
   1.68241765 13599469.13007621
   1.68271879 13601211.77921812
   1.68302002 13602955.74690961
   1.68332134 13604701.03014180
   1.68362275 13606447.62590891
   1.68392425 13608195.53120723
   1.68422583 13609944.74303672
   1.68452750 13611695.25839984
   1.68482926 13613447.07430191
   1.68513111 13615200.18775103
   1.68543305 13616954.59575822
   1.68573508 13618710.29533719
   1.68603719 13620467.28350476
   1.68633939 13622225.55728034
   1.68664168 13623985.11368606
   1.68694406 13625745.94974738
   1.68724653 13627508.06249195
   1.68754909 13629271.44895057
   1.68785174 13631036.10615695
   1.68815447 13632802.03114728
   1.68845729 13634569.22096106
   1.68876021 13636337.67263981
   1.68906321 13638107.38322877
   1.68936630 13639878.34977543
   1.68966947 13641650.56933025
   1.68997274 13643424.03894627
   1.69027610 13645198.75567990
   1.69057954 13646974.71658963
   1.69088308 13648751.91873722
   1.69118670 13650530.35918705
   1.69149041 13652310.03500633
   1.69179421 13654090.94326505
   1.69209811 13655873.08103608
   1.69240209 13657656.44539492
   1.69270615 13659441.03341991
   1.69301031 13661226.84219223
   1.69331456 13663013.86879580
   1.69361890 13664802.11031729
   1.69392332 13666591.56384614
   1.69422784 13668382.22647470
   1.69453245 13670174.09529789
   1.69483714 13671967.16741352
   1.69514192 13673761.43992220
   1.69544680 13675556.90992717
   1.69575176 13677353.57453458
   1.69605681 13679151.43085321
   1.69636196 13680950.47599466
   1.69666719 13682750.70707348
   1.69697251 13684552.12120653
   1.69727792 13686354.71551395
   1.69758342 13688158.48711805
   1.69788902 13689963.43314436
   1.69819470 13691769.55072107
   1.69850047 13693576.83697898
   1.69880633 13695385.28905169
   1.69911228 13697194.90407552
   1.69941832 13699005.67918967
   1.69972445 13700817.61153579
   1.70003067 13702630.69825879
   1.70033698 13704444.93650561
   1.70064338 13706260.32342643
   1.70094988 13708076.85617400
   1.70125646 13709894.53190379
   1.70156313 13711713.34777404
   1.70186989 13713533.30094568
